3
27 3 5 1
    2 2 4 51
    4 3 4 50
    5 5 4 1
    1 5 4 2
    1 5 4 4
    1 5 4 6
    1 5 4 8
    1 5 4 10
    1 5 4 12
    1 5 4 14
    1 5 4 16
    1 5 4 18
    1 5 4 20
    1 5 4 22
    1 5 4 24
    1 5 4 26
    1 5 4 28
    1 5 4 30
    1 5 4 32
    1 5 4 34
    1 5 4 36
    1 5 4 38
    1 5 4 40
    1 5 4 42
    1 5 4 44
    1 5 4 46
    1 5 4 48
29 9 5 0
    5 8 2 1
    1 8 2 2
    1 8 2 4
    1 8 2 6
    1 8 2 8
    1 8 2 10
    1 8 2 12
    1 8 2 14
    1 8 2 16
    1 8 2 18
    1 8 2 20
    1 8 2 22
    1 8 2 24
    1 8 2 26
    1 8 2 28
    1 8 2 30
    1 8 2 32
    1 8 2 34
    1 8 2 36
    1 8 2 38
    1 8 2 40
    1 8 2 42
    1 8 2 44
    1 8 2 46
    1 8 2 48
    1 8 2 50
    1 8 2 52
    1 8 2 54
    5 8 2 56
0 3 2 0
