0000000000000000000000000000000000000000000000000000000
0000000000000000000000000000000000000000000000000000000
0000000000000000000000000000000000000000000000000000000
0000000000000000000000000000000000000000000001000000000
0000000000000000000000000000000000000000000000000000000
0000000000000000001001000000000000000000000000000000000
0000000000000000000000000000000000001000000010000000000
0000000000001000000000000000000000000000000000000000000
0000000000000000000000000001000000100000000000000000000
0000000000000000010000000000000000000000000000000000000
0000000000000000000000001000000000000000000000000000000
0000000000000000000000000000000000000000000000000000000
0000000000000000001000000000000000000000000000000000000
0000000000000000000000000000000000001000000000000000000
0000000000000000000000000000000000000000000000000000000
0000000000000000000000000000000000000000000000000000000
0000000000010000000000000000000000000010000000000000000
0000000000000000000000000000000000000000000000000000000
0000000000000000000000000000000000000000000100000000000
0000000000000000000000000000000000000010000000000000000
0000000000010000000000000000000110000000000000000000000
0000000000000000000000000000000000000010000100000000000
0000000000000000000000000000100000000000000000000000000
0000000000000000000000000000000000000000000000000000000
0000001000100000000000000000100000000000000000000000000
0000000000000000000000000000000000000000000000000000000
0000000000000000000000000000000110000000000000000000000
0000000000000000000000000000000000000001000000100000000
0000000000000000000000000000000000010000000100000000000
0000000000000000000000000000000000000000000000010000000
0000000000000000000000000000000000000000000000000001000
0000000000000000000000000000000000000000000001000000000
0000000000000000000000000000000000000000000000000000000
0000000000000000000000000000000000000000000000000000000
0000000000000000000000000000000000000000000000000000000
