26
1 2 24 2 1
    2 6 24 3
1 8 24 2 0
    2 10 24 3
1 11 21 2 0
    2 11 20 3
1 12 17 2 0
    2 11 16 3
1 10 11 2 0
    2 12 7 3
2 15 8 2 0
    2 18 5 3
    2 17 9 3
1 20 5 2 0
    2 21 5 3
1 17 11 2 0
    2 18 12 3
1 23 11 2 0
    2 24 10 3
1 26 9 2 0
    2 27 8 3
1 27 5 2 0
    7 28 3 2
1 32 9 2 0
    2 34 8 3
2 35 12 2 0
    2 36 13 3
    2 38 16 3
1 42 14 2 0
    2 43 18 3
1 43 20 2 0
    2 43 21 3
2 41 20 2 0
    2 38 19 3
    2 38 21 3
2 34 20 2 0
    2 31 20 3
    2 32 20 3
2 29 21 2 0
    2 28 22 3
    2 28 24 3
2 30 25 2 0
    2 31 26 3
    2 32 26 3
2 34 28 2 0
    2 35 28 3
    2 39 27 3
4 40 26 2 0
    2 43 28 3
    2 46 27 3
    2 47 29 3
    2 45 31 3
1 49 30 2 0
    2 51 30 3
0 53 30 2 0
1 47 3 2 0
    2 45 3 3
1 45 5 2 0
    2 44 6 3
1 39 6 2 0
    2 36 6 3
