0000000000000000000000000000000000000000000000000000000
0000000000000000000000000000000000000000000000000000000
0000000000000000000000000000000000000000000000000000000
0000000000000000000000000000000000000000000000000000000
0000000000000000000000010000000000000000000000000000000
0000000000000000000000000000000000000000000000000000000
0000000000000000000000000000000000000000000001000000000
0000000000000000000000000000000000000000010000000000000
0000000000000000000000000000000001000000000000000000000
0000000000000100000000000000000000001000000000000000000
0000000000000000000000000001100000000000000000000000000
0000000000000000000000000000000000000000000000000000000
0000000000000000000000000000000000000000000000000000000
0000000000010000000000000000000000000000000000000000000
0000000000000000000100000000000000000000000000000000000
0000000010000000000000000000000000001000000000000000000
0000000000000000000000000000000000000100000000000000000
0000000000000000000000000000000000000000000000000000000
0000000000000000000000000000000000000011000000000000000
0000000000000000010000000000000000000000000000000000000
0000000000000000000000000000000000000000000000000000000
0000000000000000000000000000000000000000000000000000000
0000000000000000000000000000000000000000000000000000000
0000000000001000000000000000000000000000000000000000000
0000000000000000000000000000001000000000000000000000000
0000000000000000000000000000000000000000000000000000000
0000000000000000000000000000000000000010000000000000000
0000000000000000000000000000000000000000000000000000000
0000000000000000000000000000000000000000000000000000000
0000000000000000000000000000000000000000000011100000000
0000000000000000000000000000000000001000001100000000000
0000000000000000000000000000000000000000000000000000000
0000000000000000000000000000000000000000000000000000000
0000000000000000000000000000000000000000000000000000000
0000000000000000000000000000000000000000000000000000000
